48
52
56
60
64
69
74
79
84
90
96
102
108
115
122
129
136
144
152
160
168
177
186
195
204
214
224
234
244
255
266
277
288
300
312
324
336
349
362
375
388
402
416
430
444
459
474
489
504
520
536
552
568
585
602
619
636
654
672
690
708
727
746
765
784
804
824
844
864
885
906
927
948
970
992
1014
1036
1059
1082
1105
1128
1152
1176
1200
1224
1249
1274
1299
1324
1350
1376
1402
1428
1455
1482
1509
1536
1564
1592
1620
1648
1677
1706
1735
1764
1794
1824
1854
1884
1915
1946
1977
2008
2040
2072
2104
2136
2169
2202
2235
2268
2302
2336
2370
2404
2439
2474
2509
2544
2580
2616
2652
2688
2725
2762
2799
2836
2874
2912
2950
2988
3027
3066
3105
3144
3184
3224
3264
3304
3345
3386
3427
3468
3510
3552
3594
3636
3679
3722
3765
3808
3852
3896
3940
3984
4029
4074
4119
4164
4210
4256
4302
4348
4395
4442
4489
4536
4584
4632
4680
4728
4777
4826
4875
4924
4974
5024
5074
5124
5175
5226
5277
5328
5380
5432
5484
5536
5589
5642
5695
5748
5802
5856
5910
5964
6019
6074
6129
6184
6240
6296
6352
6408
6465
6522
6579
6636
6694
6752
6810
6868
6927
6986
7045
7104
7164
7224
7284
7344
7405
7466
7527
7588
7650
7712
7774
7836
7899
7962
8025
8088
8152
8216
8280
8344
8409
8474
8539
8604
8670
8736
8802
8868
8935
9002
